5 261.281140 253.675797 
6 239.363731 233.822585 
7 198.590382 184.314058 
8 136.749181 157.586561 
9 133.928211 156.743908 
10 91.335397 138.765078 
11 79.430278 107.397087 
12 76.016393 103.580779 
13 61.534100 100.891303 
14 56.353378 96.566315 
15 50.309478 87.642801 
16 40.366469 79.307423 
17 35.952165 75.904180 
18 34.881279 76.686213 
19 31.417257 74.961988 
20 34.036781 76.670536 
21 32.035189 74.842544 
22 32.360770 73.627706 
23 31.598546 75.140859 
24 30.066677 78.022144 
25 26.912227 69.567273 
26 28.003030 71.822700 
27 27.109323 70.522063 
28 25.964919 60.898449 
29 26.573098 62.541471 
30 25.233494 60.529824 
