4 313.404394 342.495757 
5 250.199407 253.814451 
6 235.890307 232.979672 
7 200.465611 184.281841 
8 139.716800 152.394865 
9 127.304167 154.874089 
10 89.295584 135.345609 
11 84.786063 105.710486 
12 77.318446 103.710658 
13 65.783740 109.832518 
14 50.069389 90.570946 
15 49.901612 89.464537 
16 41.119676 83.791947 
17 34.829767 78.370220 
18 39.629457 79.317961 
19 31.200102 74.268988 
20 33.788495 69.762499 
21 37.860134 74.764773 
22 33.209920 69.897149 
23 35.303634 64.928308 
24 27.981353 81.827670 
25 29.079882 66.869615 
26 29.877394 77.474465 
27 31.242172 69.253604 
28 25.968394 60.403709 
29 26.716461 65.248003 
30 29.464083 64.864203 
