3 317.914611 331.806216 
4 316.188663 343.841566 
5 261.098256 263.179041 
6 220.320974 232.523131 
7 215.181788 195.314266 
8 149.479802 166.326624 
9 132.646069 172.589227 
10 100.011236 153.510733 
11 82.646489 126.481887 
12 108.206878 126.292316 
13 82.268830 118.147012 
14 58.562481 106.532008 
15 54.244763 106.829390 
16 56.441162 100.159797 
17 46.695551 107.018408 
18 52.553619 99.717419 
19 43.922060 96.168109 
20 39.986068 98.172318 
21 48.459138 98.991592 
22 51.518580 97.603714 
23 44.198175 98.663074 
24 45.585700 101.153344 
25 39.829331 104.434115 
26 42.686099 102.128400 
27 45.957213 96.073949 
28 42.439687 95.407127 
29 44.298402 100.061290 
30 40.511839 107.104685 
