5 572.796182 614.391324 
6 426.662554 614.462291 
7 387.418947 633.603425 
8 269.199947 582.956912 
9 221.121018 374.971961 
10 128.806766 458.196009 
11 120.751547 570.616601 
12 91.316876 578.152855 
13 91.932815 579.869889 
14 101.832128 576.644145 
15 85.841137 590.185266 
16 85.333215 580.889814 
17 84.596284 589.318607 
18 82.363455 508.047183 
19 83.727400 532.160089 
20 81.774685 415.341309 
21 81.178578 472.837204 
22 81.406119 447.622599 
23 82.766000 523.509525 
24 75.778027 456.838523 
25 75.887582 465.686341 
26 78.005045 451.588629 
27 73.955370 447.474743 
28 76.147029 419.795631 
29 73.751201 397.068897 
30 73.935950 347.903818 
