3 486.895295 486.895295 
4 624.354844 486.895295 
5 569.654330 614.391324 
6 430.802260 614.462291 
7 384.260991 631.289288 
8 285.498628 560.862678 
9 234.052933 376.319386 
10 191.945487 345.967285 
11 174.608678 291.399217 
12 165.246448 333.128557 
13 147.188112 259.075503 
14 139.195253 277.543474 
15 135.783330 309.758596 
16 143.740526 267.455360 
17 131.675328 270.072817 
18 129.337171 256.021220 
19 123.189170 233.844586 
20 120.970933 236.156542 
21 116.455468 235.049554 
22 115.238424 235.210780 
23 114.583372 259.557752 
24 109.156144 233.433599 
25 106.421079 245.656352 
26 103.461380 237.421837 
27 108.011460 238.639038 
28 108.405285 231.820935 
29 105.838064 208.564271 
30 104.392015 222.031306 
