4 624.352340 486.895295 
5 571.675448 614.391324 
6 429.492294 614.462291 
7 388.081064 633.603425 
8 280.989312 582.956912 
9 226.122625 372.620788 
10 129.537995 443.672598 
11 129.466275 489.515861 
12 98.476877 494.171718 
13 96.174458 360.346139 
14 93.191276 470.684752 
15 98.712365 405.574041 
16 99.223511 347.005558 
17 95.440983 363.828333 
18 93.598653 283.324251 
19 95.213405 264.495256 
20 97.167622 202.394459 
21 92.706003 256.181600 
22 92.448007 253.873622 
23 86.944534 257.129640 
24 86.326503 225.431947 
25 88.342404 254.990876 
26 92.768327 249.129877 
27 86.563692 221.670080 
28 82.308601 221.006581 
29 84.133820 210.638956 
30 84.535187 201.734905 
