5 242.524197 249.882107 
6 211.006206 224.268231 
7 153.698310 162.842045 
8 127.636208 148.107241 
9 101.316250 141.368398 
10 81.291876 126.278837 
11 71.107839 98.377121 
12 60.101493 93.494724 
13 47.738393 87.242785 
14 36.967133 70.704621 
15 41.961574 76.959378 
16 29.400956 68.940576 
17 28.577568 66.433337 
18 30.059326 67.356505 
19 24.686519 65.073129 
20 26.130187 64.849511 
21 24.807253 60.825645 
22 24.048216 63.013652 
23 23.798523 59.924322 
24 24.612894 58.686308 
25 23.521946 55.402888 
26 22.149111 53.021486 
27 22.129246 53.379276 
28 22.120472 52.126507 
29 22.437330 49.966780 
30 23.250687 51.199833 
