3 326.773354 348.192743 
4 296.576862 333.027848 
5 257.324917 247.446712 
6 204.624517 223.184391 
7 157.387950 171.229012 
8 128.125274 155.767010 
9 106.965099 154.535982 
10 90.752590 138.394494 
11 83.799727 101.915493 
12 78.701172 108.657498 
13 55.366461 103.808578 
14 47.257279 93.119775 
15 52.280391 92.723750 
16 46.261841 88.375248 
17 40.627243 92.732324 
18 48.597688 79.834548 
19 40.004669 91.661122 
20 37.262411 88.352540 
21 44.155634 94.408886 
22 34.180139 91.021722 
23 32.917884 86.263207 
24 37.871189 83.270748 
25 35.734163 90.202039 
26 37.131316 85.527763 
27 38.153695 87.426923 
28 40.646557 90.002219 
29 38.519395 92.793903 
30 40.054886 90.931309 
