4 294.945451 333.018338 
5 253.172659 249.961335 
6 210.268708 223.771287 
7 153.060425 162.374638 
8 125.850950 142.203270 
9 93.622930 137.105444 
10 81.197905 123.634946 
11 58.878327 88.081986 
12 52.822231 90.355017 
13 46.769260 79.821647 
14 38.041538 66.319334 
15 39.419088 71.279500 
16 31.078243 68.730519 
17 26.001549 71.033116 
18 31.864384 68.155508 
19 26.756355 61.029388 
20 29.521704 56.783291 
21 30.394767 57.327240 
22 26.855163 50.766365 
23 27.114931 52.145807 
24 24.930763 63.234262 
25 27.588995 55.671369 
26 24.742838 61.156845 
27 23.684096 60.719409 
28 26.053618 57.997576 
29 24.498798 57.537879 
30 23.762995 56.503923 
