3 340.242777 342.553190 
4 303.957447 303.726337 
5 283.387566 270.161108 
6 197.243215 215.080205 
7 155.228935 177.855504 
8 134.877288 168.535635 
9 111.019350 149.844448 
10 83.817387 153.286157 
11 66.278296 136.793910 
12 64.925080 132.229663 
13 62.542016 122.339877 
14 58.163528 119.033394 
15 64.290106 117.381374 
16 58.975383 110.867572 
17 65.317807 116.947593 
18 68.854440 116.191824 
19 72.052756 119.842218 
20 72.583194 117.079515 
21 64.304684 112.129754 
22 71.693083 119.158555 
23 78.531721 115.593035 
24 77.955100 114.822098 
25 74.266025 118.875331 
26 81.742648 118.120874 
27 82.344392 114.262354 
28 87.160498 117.471847 
29 90.915570 113.685411 
30 94.184145 115.784355 
