5 269.222159 260.080900 
6 192.019313 199.925690 
7 147.869520 149.556627 
8 102.925913 147.110705 
9 94.980972 134.926653 
10 80.077381 112.268550 
11 63.014637 106.751246 
12 56.190268 95.995070 
13 47.872280 88.397695 
14 38.881867 75.587362 
15 43.015323 84.158842 
16 35.906598 73.010652 
17 38.058743 69.351989 
18 38.652808 69.817355 
19 36.060967 72.574441 
20 40.912253 72.403966 
21 44.927029 74.058915 
22 35.880805 74.645369 
23 36.925497 75.911708 
24 40.642953 70.782050 
25 41.727430 73.158457 
26 38.243007 70.602448 
27 39.637584 70.013661 
28 39.359607 75.233783 
29 43.330660 73.708192 
30 40.324856 74.349806 
