4 301.639302 304.473636 
5 272.982769 262.590796 
6 191.147286 209.546842 
7 154.790043 148.967590 
8 114.558326 140.756994 
9 96.588669 132.276417 
10 74.594999 112.053537 
11 68.096773 117.116842 
12 53.933797 100.585441 
13 47.633714 84.251992 
14 39.171724 78.081203 
15 42.394211 81.990043 
16 45.910899 79.691419 
17 38.985509 76.057786 
18 38.673386 82.568846 
19 41.577199 83.412782 
20 47.310011 90.823014 
21 45.767086 81.742178 
22 43.026763 84.861518 
23 47.330952 81.986360 
24 50.057368 88.749836 
25 49.594903 85.044755 
26 50.657463 93.509955 
27 54.307208 88.344802 
28 53.165119 88.764564 
29 60.405864 97.831303 
30 63.114481 94.313516 
