4 486.895295 486.895295 
5 519.319747 629.510993 
6 423.283505 635.706847 
7 300.229762 482.034070 
8 215.998129 348.746682 
9 192.543696 486.846238 
10 139.568734 429.663494 
11 113.729811 563.926893 
12 100.478153 431.737525 
13 93.859171 363.802454 
14 98.221925 340.652137 
15 99.578979 371.169450 
16 95.035547 397.427681 
17 91.777945 257.742575 
18 94.035379 262.056313 
19 93.480799 221.681694 
20 95.538836 205.150322 
21 92.206672 233.588464 
22 85.869845 301.250134 
23 86.866491 269.686657 
24 89.121897 265.343229 
25 88.269088 300.146448 
26 88.506594 245.334177 
27 85.990937 264.639942 
28 82.861313 202.858233 
29 85.635795 232.874590 
30 79.684746 249.227907 
