5 519.562414 629.510993 
6 419.777978 635.706847 
7 296.534227 481.970531 
8 212.785611 348.715017 
9 184.996007 486.343948 
10 146.101803 468.084751 
11 99.962368 560.775816 
12 96.686414 548.985808 
13 89.310382 601.012291 
14 93.083392 592.671739 
15 86.397645 562.471782 
16 84.446265 562.512636 
17 86.648523 524.444103 
18 86.963535 528.243640 
19 85.897666 416.569714 
20 81.999113 404.173658 
21 78.495714 433.039969 
22 80.021905 540.394042 
23 80.539256 496.589278 
24 75.858501 462.507883 
25 73.451464 516.002701 
26 72.419206 468.445124 
27 72.974884 464.499266 
28 78.120037 422.265608 
29 74.842347 398.513791 
30 67.586240 432.190732 
