3 486.895295 486.895295 
4 486.895295 486.895295 
5 517.562351 629.510993 
6 421.966519 635.706847 
7 302.285089 477.469312 
8 238.527028 335.231838 
9 259.780563 372.945592 
10 203.449935 318.523898 
11 175.171119 298.639470 
12 152.171277 297.901426 
13 148.023994 267.561218 
14 144.342673 275.974787 
15 136.062385 280.436665 
16 137.753222 279.888410 
17 127.800442 246.657669 
18 124.901841 209.476424 
19 123.693045 230.469445 
20 122.034823 234.576357 
21 118.478054 257.430763 
22 114.054289 252.892003 
23 114.371013 268.358502 
24 106.048430 224.624190 
25 107.329642 246.583219 
26 104.828713 252.281134 
27 107.117689 246.019042 
28 107.861723 219.364074 
29 111.724804 261.174190 
30 103.762159 257.996367 
