5 265.640422 281.894412 
6 178.185411 192.625035 
7 140.058650 159.561983 
8 117.650535 141.746805 
9 104.726716 136.318436 
10 79.642765 101.671637 
11 65.099552 88.428257 
12 60.699968 93.808921 
13 56.259323 96.064063 
14 54.887079 88.824140 
15 53.961270 75.546069 
16 49.903451 72.407404 
17 45.375552 72.015332 
18 41.271751 67.606298 
19 44.052716 72.174291 
20 45.744815 70.301450 
21 39.201152 60.536073 
22 41.462296 57.971179 
23 38.872710 54.886742 
24 41.505038 52.464421 
25 37.053965 49.117945 
26 36.305052 46.787164 
27 36.881591 48.901472 
28 36.835533 43.457198 
29 35.999141 43.906301 
30 33.376588 44.910609 
