4 300.233526 303.362870 
5 261.312212 281.476398 
6 176.368790 192.441973 
7 144.751902 155.949638 
8 124.421725 141.790817 
9 106.463133 132.062461 
10 73.513089 98.684054 
11 60.344892 81.067802 
12 66.708746 81.647788 
13 58.916315 72.884427 
14 64.010703 74.993470 
15 60.876599 69.371838 
16 50.954580 61.753021 
17 53.692757 64.793717 
18 49.809302 57.456159 
19 56.753700 59.662450 
20 55.009576 57.160733 
21 51.821028 54.467673 
22 45.040803 46.367464 
23 48.176120 49.928021 
24 47.014749 47.815825 
25 45.713000 48.313486 
26 44.070707 45.466849 
27 47.338514 41.970127 
28 44.295629 42.752478 
29 44.483827 46.626868 
30 40.235312 44.398323 
