3 343.059559 333.561329 
4 299.864668 306.955664 
5 274.850597 284.410254 
6 177.199092 194.613430 
7 145.852534 165.266416 
8 111.446092 140.263124 
9 118.813088 127.389304 
10 91.486485 102.339021 
11 68.848578 88.463148 
12 79.748213 97.950302 
13 85.172035 97.965859 
14 85.038816 92.934504 
15 71.689357 83.123568 
16 78.150653 83.422562 
17 69.014587 84.721019 
18 70.604397 79.564011 
19 77.122272 85.964668 
20 74.865834 86.078417 
21 69.826490 77.245222 
22 68.685131 75.730629 
23 71.008905 79.064015 
24 67.916792 72.218499 
25 64.571672 73.466952 
26 64.132866 73.227338 
27 67.777968 73.328434 
28 66.885775 72.725542 
29 63.817910 70.666014 
30 61.065040 73.641096 
